TILEMAP
24 78 							-- Size of tile map in tiles
16 16 							-- Tile size & block size
images/tilesheet.png 			-- Tilesheet
16 16 							-- Number of tiles in tilesheet
33  33  33  33  33  33  33  33  33  33  33  33  33  33  33  33  33  33  33  33  33  33  33  33
33  00  129 130 00  00  00  00  13  14  13  14  13  14  13  14  00  00  00  00  117 118 00  33
33  00  131 132 00  00  00  00  15  16  15  16  15  16  15  16  00  00  00  00  119 120 00  33
33  00  11  12  11  12  11  12  00  00  00  00  00  00  00  00  11  12  11  12  11  12  00  33
33  00  121 122 117 118 00  00  00  00  00  00  00  00  00  00  00  00  117 118 121 122 00  33
33  00  123 124 119 120 00  00  00  00  00  00  00  00  00  00  00  00  119 120 123 124 00  33
33  00  121 122 117 118 117 118 00  00  00  00  00  00  00  00  117 118 117 118 121 122 00  33
33  00  123 124 119 120 119 120 00  00  00  00  00  00  00  00  119 120 119 120 123 124 00  33
33  00  121 122 121 122 121 122 00  00  00  00  00  00  00  00  121 122 121 122 121 122 00  33
33  00  123 124 123 124 123 124 00  00  11  12  11  12  00  00  123 124 123 124 123 124 00  33
33  33  33  33  17  18  17  18  00  00  17  18  17  18  00  00  17  18  17  18  33  33  33  33
33  33  33  33  11  12  11  12  00  00  11  12  11  12  00  00  11  12  11  12  33  33  33  33
33  00  117 118 00  00  00  00  00  00  00  00  00  00  00  00  00  00  00  00  00  133 134 33
33  00  119 120 11  12  00  00  00  00  00  00  00  00  00  00  00  00  00  11  12  135 136 33
33  00  11  12  11  12  00  00  00  00  00  00  00  00  00  00  00  00  00  11  12  11  12  33
33  00  00  00  00  00  00  00  00  00  00  00  00  00  00  00  00  00  00  00  00  00  00  33
33  00  00  00  00  00  00  00  00  00  00  00  00  00  00  00  00  00  00  00  00  00  00  33
33  00  00  00  00  00  00  00  00  00  00  00  00  00  00  00  00  00  00  00  00  00  00  33
33  00  00  00  00  00  00  00  00  00  00  00  00  00  00  00  00  00  00  00  00  00  00  33
33  00  00  00  00  00  00  00  00  00  00  00  00  00  00  00  00  00  00  00  00  00  00  33
33  00  00  00  00  00  00  00  00  00  00  00  00  00  00  00  00  00  00  00  00  00  00  33
33  00  00  00  00  00  00  00  00  00  00  00  00  00  00  00  00  00  00  00  00  00  00  33
33  00  00  00  00  00  00  00  00  00  00  00  00  00  00  00  00  00  00  00  00  00  00  33
33  33  33  33  33  33  33  33  00  00  00  00  00  00  00  00  33  33  33  33  33  33  33  33
00  00  00  00  00  00  00  00  00  00  00  00  00  00  00  00  00  00  00  00  00  00  00  00
00  00  00  00  00  00  00  00  00  00  00  00  00  00  00  00  00  00  00  00  00  00  00  00
33  33  33  33  33  33  33  33  33  33  33  33  33  33  33  33  33  33  33  33  33  33  33  33
33  00  00  00  00  00  00  00  00  00  00  00  00  00  00  00  00  00  00  00  00  00  00  33
33  00  00  00  00  00  00  00  00  00  00  00  00  00  00  00  00  00  00  00  00  00  00  33
33  00  00  00  00  00  00  00  00  00  00  00  00  00  00  00  00  00  00  00  00  00  00  33
33  00  15  16  13  14  13  14  15  16  13  14  13  14  15  16  13  14  13  14  15  16  00  33
33  00  00  00  00  00  00  00  00  00  00  00  00  00  00  00  00  00  00  00  00  00  00  33
33  00  13  14  00  00  00  00  13  14  00  00  00  00  13  14  00  00  00  00  13  14  00  33
33  00  00  00  15  16  15  16  00  00  00  00  00  00  00  00  15  16  15  16  00  00  00  33
33  00  00  00  11  12  11  12  00  00  15  16  15  16  00  00  11  12  11  12  00  00  00  33
33  00  15  16  113 114 11  12  00  00  13  14  13  14  00  00  11  12  17  18  15  16  00  33
33  00  15  16  115 116 11  12  00  00  17  18  17  18  00  00  11  12  17  18  15  16  00  33
33  00  00  00  19  20  19  20  00  00  00  00  00  00  00  00  19  20  19  20  00  00  00  33
33  00  00  00  13  14  13  14  00  00  00  00  00  00  00  00  13  14  13  14  00  00  00  33
33  00  00  00  15  16  15  16  00  00  00  00  00  00  00  00  15  16  15  16  00  00  00  33
33  00  00  00  00  00  00  00  00  00  00  00  00  00  00  00  00  00  00  00  00  00  00  33
33  00  00  00  00  00  00  00  00  00  00  00  00  00  00  00  00  00  00  00  00  00  00  33
33  00  00  00  00  00  00  00  00  00  00  00  00  00  00  00  00  00  00  00  00  00  00  33
33  00  00  00  00  00  00  00  00  00  00  00  00  00  00  00  00  00  00  00  00  00  00  33
33  00  00  00  00  00  00  00  00  00  00  00  00  00  00  00  00  00  00  00  00  00  00  33
33  00  00  00  00  00  00  00  00  00  00  00  00  00  00  00  00  00  00  00  00  00  00  33
33  00  00  00  00  00  00  00  00  00  00  00  00  00  00  00  00  00  00  00  00  00  00  33
33  00  00  00  00  00  00  00  00  00  00  00  00  00  00  00  00  00  00  00  00  00  00  33
33  00  00  00  00  00  00  00  00  00  00  00  00  00  00  00  00  00  00  00  00  00  00  33
33  33  33  33  33  33  33  33  00  00  00  00  00  00  00  00  33  33  33  33  33  33  33  33
00  00  00  00  00  00  00  00  00  00  00  00  00  00  00  00  00  00  00  00  00  00  00  00
00  00  00  00  00  00  00  00  00  00  00  00  00  00  00  00  00  00  00  00  00  00  00  00
33  33  33  33  33  33  33  33  33  33  33  33  33  33  33  33  33  33  33  33  33  33  33  33
33  00  00  00  00  00  00  00  00  00  00  00  00  00  00  00  00  00  00  00  00  00  00  33
33  00  00  00  00  00  00  00  00  00  113 114 00  00  00  00  00  00  00  00  00  00  00  33
33  00  00  00  00  00  00  00  00  00  115 116 00  00  00  00  00  00  00  00  00  00  00  33
33  00  00  00  11  12  13  14  13  14  00  00  00  00  13  14  13  14  11  12  00  00  00  33
33  00  11  12  00  00  00  00  00  00  13  14  13  14  00  00  00  00  00  00  11  12  00  33
33  00  11  12  11  12  11  12  11  12  00  00  00  00  11  12  11  12  11  12  11  12  00  33
33  00  15  16  15  16  15  16  15  16  13  14  13  14  15  16  15  16  15  16  15  16  00  33
33  00  15  16  00  00  00  00  00  00  00  00  00  00  00  00  00  00  00  00  15  16  00  33
33  00  15  16  15  16  15  16  15  16  13  14  13  14  15  16  15  16  15  16  15  16  00  33
33  00  17  18  17  18  17  18  17  18  00  00  00  00  17  18  17  18  17  18  17  18  00  33
33  00  17  18  00  00  00  00  00  00  13  14  13  14  00  00  00  00  00  00  17  18  00  33
33  00  00  00  17  18  13  14  13  14  00  00  00  00  13  14  13  14  17  18  00  00  00  33
33  00  00  00  00  00  00  00  00  00  00  00  00  00  00  00  00  00  00  00  00  00  00  33
33  00  00  00  00  00  00  00  00  00  00  00  00  00  00  00  00  00  00  00  00  00  00  33
33  00  00  00  00  00  00  00  00  00  00  00  00  00  00  00  00  00  00  00  00  00  00  33
33  00  00  00  00  00  00  00  00  00  00  00  00  00  00  00  00  00  00  00  00  00  00  33
33  00  00  00  00  00  00  00  00  00  00  00  00  00  00  00  00  00  00  00  00  00  00  33
33  00  11  12  11  12  00  00  00  00  00  00  00  00  00  00  00  00  11  12  11  12  00  33
33  00  15  16  00  00  00  00  00  00  00  00  00  00  00  00  00  00  00  00  15  16  00  33
33  00  17  18  17  18  00  00  00  00  00  00  00  00  00  00  00  00  17  18  17  18  00  33
33  00  00  00  00  00  00  00  00  00  00  00  00  00  00  00  00  00  00  00  00  00  00  33
33  00  00  00  00  00  00  00  00  00  00  00  00  00  00  00  00  00  00  00  00  00  00  33
33  33  33  33  33  33  33  33  00  00  00  00  00  00  00  00  33  33  33  33  33  33  33  33
00  00  00  00  00  00  00  00  00  00  00  00  00  00  00  00  00  00  00  00  00  00  00  00
00  00  00  00  00  00  00  00  00  00  00  00  00  00  00  00  00  00  00  00  00  00  00  00 